512
104.00 156.00
104.00 156.00
104.00 156.00
104.00 156.00
104.07 156.00
104.26 156.00
104.31 156.00
104.32 156.00
104.35 156.00
104.36 156.00
104.37 156.00
104.37 156.00
104.37 156.00
104.37 156.00
104.38 156.00
104.39 156.00
104.39 156.00
104.41 156.00
104.73 155.99
104.73 155.99
104.89 155.99
104.90 155.99
104.91 155.99
104.91 155.99
104.91 155.99
104.92 155.99
104.93 155.99
104.94 155.99
104.94 155.99
104.94 155.99
104.94 155.99
104.95 155.99
104.95 155.99
105.13 155.99
108.65 155.79
108.83 155.78
109.25 155.73
109.25 155.73
109.46 155.71
110.10 155.64
114.94 154.84
114.94 154.84
114.95 154.83
114.96 154.83
114.96 154.83
114.98 154.83
114.99 154.83
114.99 154.83
115.05 154.81
115.09 154.80
115.09 154.80
115.15 154.79
115.26 154.77
115.28 154.76
115.30 154.76
115.85 154.63
115.94 154.61
115.97 154.60
116.45 154.49
116.47 154.48
116.52 154.47
119.92 153.50
129.20 149.49
129.29 149.44
129.43 149.36
133.74 146.66
134.68 145.98
134.86 145.85
134.89 145.83
135.08 145.69
135.28 145.54
135.54 145.35
135.54 145.35
135.76 145.17
135.91 145.06
136.37 144.70
136.66 144.46
136.96 144.22
136.96 144.22
137.05 144.14
137.15 144.07
137.20 144.02
137.34 143.90
137.44 143.82
137.68 143.62
137.83 143.49
137.90 143.43
138.42 142.98
138.59 142.82
138.99 142.47
139.50 141.99
140.53 141.01
141.47 140.05
142.91 138.50
145.45 135.40
145.75 135.00
145.88 134.82
145.89 134.81
145.89 134.81
145.90 134.80
145.91 134.79
145.91 134.79
145.91 134.79
145.91 134.78
145.92 134.77
145.92 134.77
145.92 134.77
145.92 134.76
145.94 134.75
145.94 134.74
145.96 134.71
145.97 134.70
145.97 134.69
145.98 134.69
145.99 134.67
146.04 134.60
146.05 134.59
146.11 134.51
146.44 134.04
146.48 133.99
146.50 133.97
146.54 133.91
146.55 133.90
146.55 133.89
146.57 133.86
146.58 133.85
146.58 133.84
146.59 133.84
146.59 133.84
146.60 133.82
146.60 133.82
146.95 133.31
147.00 133.25
147.40 132.64
147.51 132.47
147.63 132.29
147.75 132.11
147.99 131.73
148.03 131.67
148.16 131.46
148.28 131.26
148.29 131.24
148.43 131.02
148.45 130.99
148.48 130.93
148.50 130.91
148.51 130.89
148.53 130.86
148.53 130.85
148.55 130.83
148.59 130.75
148.65 130.66
148.66 130.64
148.67 130.62
148.67 130.62
148.73 130.53
148.77 130.44
148.77 130.44
148.78 130.44
148.78 130.43
148.78 130.43
148.90 130.23
149.31 129.51
149.84 128.55
149.85 128.54
151.01 126.22
151.28 125.64
151.29 125.63
151.41 125.36
151.45 125.27
151.48 125.20
151.54 125.07
151.56 125.03
152.40 123.02
152.48 122.81
152.95 121.56
153.50 119.92
153.56 119.75
153.59 119.65
153.64 119.49
153.68 119.36
153.89 118.67
154.05 118.11
154.06 118.08
154.08 118.01
154.08 118.01
154.10 117.92
154.10 117.92
154.10 117.92
154.11 117.91
154.13 117.81
154.13 117.81
154.14 117.80
154.14 117.78
154.17 117.69
154.20 117.57
154.20 117.56
154.23 117.45
154.33 117.08
154.38 116.89
154.38 116.86
154.40 116.80
154.44 116.66
154.47 116.54
154.47 116.53
154.47 116.53
154.50 116.41
154.50 116.38
154.56 116.14
154.63 115.86
154.71 115.52
154.71 115.51
154.71 115.50
154.76 115.29
154.76 115.28
155.02 114.02
155.06 113.82
155.08 113.76
155.08 113.75
155.08 113.74
155.08 113.72
155.12 113.52
155.13 113.46
155.16 113.31
155.18 113.19
155.18 113.19
155.18 113.19
155.19 113.16
155.19 113.13
155.20 113.09
155.22 112.96
155.29 112.54
155.31 112.42
155.31 112.42
155.31 112.42
155.31 112.42
155.31 112.42
155.34 112.26
155.38 112.02
155.38 112.00
155.41 111.83
155.42 111.74
155.44 111.62
155.44 111.60
155.44 111.59
155.58 110.60
155.66 109.94
155.81 108.48
155.87 107.69
155.87 107.67
155.87 107.66
155.87 107.65
155.87 107.65
155.87 107.62
155.89 107.40
155.94 106.55
155.94 106.47
155.94 106.46
155.94 106.45
155.94 106.45
155.94 106.44
155.97 105.79
155.98 105.48
155.98 105.40
156.00 104.01
156.00 103.98
156.00 103.97
156.00 103.96
156.00 103.95
155.99 102.95
155.99 102.78
155.99 102.76
155.98 102.53
155.97 102.20
155.96 102.02
155.92 101.04
155.84 99.87
155.75 98.91
155.06 94.13
155.05 94.09
154.99 93.80
154.68 92.38
153.27 87.37
150.75 81.23
148.11 76.47
147.86 76.07
146.94 74.67
140.97 67.43
132.46 60.48
131.95 60.15
131.82 60.07
131.81 60.06
131.69 59.98
128.40 58.08
127.83 57.78
127.38 57.55
126.49 57.11
116.46 53.52
76.99 59.56
66.74 67.73
63.34 71.59
63.28 71.66
59.68 76.80
59.49 77.12
58.69 78.49
57.14 81.45
56.35 83.19
56.02 83.96
55.90 84.25
55.61 84.97
54.64 87.64
54.64 87.65
54.63 87.69
54.62 87.70
54.62 87.70
54.50 88.07
54.48 88.13
54.38 88.44
54.29 88.73
54.13 89.27
54.06 89.52
53.98 89.79
53.95 89.90
53.92 89.99
53.87 90.17
53.52 91.51
53.42 91.95
53.14 93.15
52.90 94.37
52.90 94.37
52.90 94.38
52.89 94.42
52.89 94.43
52.89 94.44
52.88 94.50
52.88 94.50
52.86 94.58
52.86 94.58
52.86 94.58
52.86 94.58
52.86 94.58
52.86 94.59
52.85 94.61
52.83 94.75
52.78 95.00
52.76 95.14
52.76 95.14
52.66 95.75
52.59 96.17
52.59 96.19
52.58 96.23
52.58 96.25
52.58 96.27
52.56 96.39
52.55 96.48
52.54 96.54
52.52 96.70
52.51 96.70
52.51 96.70
52.51 96.74
52.51 96.75
52.50 96.84
52.49 96.88
52.49 96.89
52.48 96.95
52.48 96.95
52.48 96.96
52.48 96.99
52.47 96.99
52.46 97.09
52.38 97.70
52.36 97.92
52.29 98.51
52.29 98.54
52.29 98.54
52.28 98.57
52.28 98.60
52.26 98.77
52.21 99.36
52.19 99.60
52.17 99.76
52.16 99.91
52.16 99.94
52.12 100.44
52.08 101.03
52.04 101.96
52.04 102.00
52.04 102.08
52.04 102.08
52.03 102.10
52.03 102.10
52.03 102.25
52.02 102.39
52.02 102.45
52.02 102.52
52.02 102.64
52.01 102.84
52.01 102.94
52.01 102.95
52.01 103.02
52.01 103.10
52.01 103.14
52.01 103.14
52.01 103.15
52.01 103.15
52.00 104.02
52.00 104.31
52.00 104.43
52.00 104.56
52.00 104.56
52.00 104.56
52.00 104.57
52.00 104.58
52.29 109.51
52.93 113.81
52.97 113.98
52.98 114.05
53.01 114.20
53.18 115.03
53.27 115.40
53.27 115.44
53.88 117.86
54.05 118.46
55.07 121.59
55.30 122.23
56.14 124.34
56.46 125.07
56.59 125.36
56.87 125.96
56.87 125.96
56.87 125.97
56.89 126.01
57.04 126.32
57.09 126.44
57.20 126.68
57.33 126.93
57.89 128.04
57.93 128.11
57.95 128.15
57.99 128.22
58.13 128.49
58.33 128.87
58.52 129.21
59.50 130.90
59.53 130.96
59.74 131.29
59.80 131.40
59.81 131.41
59.85 131.48
59.88 131.51
59.98 131.69
60.11 131.88
61.04 133.30
65.07 138.47
65.35 138.79
65.48 138.93
65.65 139.11
65.67 139.14
65.69 139.16
66.14 139.64
66.23 139.74
66.24 139.75
67.05 140.59
67.25 140.79
67.40 140.94
67.89 141.42
68.16 141.68
68.25 141.76
68.30 141.81
76.18 147.93
76.62 148.21
77.99 149.03
78.25 149.17
79.45 149.84
85.33 152.53
89.27 153.87
89.71 154.00
91.78 154.54
93.78 154.99
95.85 155.36
98.13 155.67
98.18 155.67
98.19 155.67
98.21 155.68
98.23 155.68
98.23 155.68
98.23 155.68
98.24 155.68
98.24 155.68
98.24 155.68
98.24 155.68
98.24 155.68
98.24 155.68
98.31 155.69
98.32 155.69
98.33 155.69
98.35 155.69
98.42 155.70
98.52 155.71
98.58 155.72
101.31 155.93
101.31 155.93
101.35 155.93
101.93 155.96
102.03 155.96
102.17 155.97
103.12 155.99
103.31 156.00
103.32 156.00
103.57 156.00
103.95 156.00
103.99 156.00
